seqnames	start	end	width	strand	pvalue	qvalue	meth.diff
NW_024609835.1	33599449	33599449	1	*	2.7578680289952e-06	0.000172382910224124	31.0622710622711
NW_024609835.1	93976955	93976955	1	*	5.89892491482239e-09	9.66823236451224e-07	25.5485893416928
NW_024609835.1	93976978	93976978	1	*	4.4236710616646e-10	1.01480430759584e-07	26.681455190772
NW_024609835.1	93976990	93976990	1	*	5.51442507782662e-09	9.10978398601128e-07	26.5
NW_024609835.1	93976992	93976992	1	*	1.56354859504631e-10	4.01565606573672e-08	29.2905982905983
NW_024609836.1	5788074	5788074	1	*	5.78993932136277e-07	4.78588604754423e-05	28.7758478081059
NW_024609836.1	5788076	5788076	1	*	2.53290264823939e-06	0.00016075562990986	28.7713711029165
NW_024609836.1	5788080	5788080	1	*	1.36839540693171e-06	9.73950107754162e-05	28.5418168709445
NW_024609836.1	38160481	38160481	1	*	0.000108236990573061	0.00306285436327731	26.3098049505816
NW_024609836.1	38160491	38160491	1	*	5.02740768899221e-05	0.00171113872258941	27.7310924369748
NW_024609837.1	10297480	10297480	1	*	6.30373184691015e-07	5.13347873440598e-05	26.9393939393939
NW_024609837.1	10297490	10297490	1	*	1.01126800433297e-06	7.59623125920379e-05	26.525974025974
NW_024609837.1	10297518	10297518	1	*	2.40145226698281e-09	4.43561487476105e-07	26.2163133309378
NW_024609837.1	10297562	10297562	1	*	4.83686159638893e-10	1.09868753452566e-07	26.5818698347107
NW_024609837.1	66870887	66870887	1	*	9.72997389804423e-06	0.00047404330016158	28.1167108753316
NW_024609838.1	88924536	88924536	1	*	1.50299370340887e-05	0.000666971249738806	30.073571024335
NW_024609838.1	88937284	88937284	1	*	8.60591783189224e-07	6.66810545873264e-05	25.0822368421053
NW_024609838.1	88937387	88937387	1	*	1.04761512503243e-08	1.58892876706582e-06	30.632767289631
NW_024609839.1	668679	668679	1	*	1.36035352769825e-06	9.6918130753203e-05	30.9475975221832
NW_024609839.1	670909	670909	1	*	6.37315075720298e-07	5.17760633239004e-05	25.7432432432432
NW_024609839.1	678331	678331	1	*	1.07305413709534e-08	1.61859101372007e-06	28.4028776978417
NW_024609839.1	35459496	35459496	1	*	1.1053845182142e-09	2.25951491660905e-07	35.1007252215955
NW_024609839.1	39563994	39563994	1	*	1.28444191071841e-05	0.000589731579114741	26.0324535134759
NW_024609839.1	39564014	39564014	1	*	2.88457102201545e-06	0.000178774929349564	28.1609195402299
NW_024609839.1	57520570	57520570	1	*	9.81286676793125e-06	0.000477277048196999	27.0967741935484
NW_024609846.1	24883711	24883711	1	*	3.51367794454755e-06	0.000209929421169963	27.8976744186047
NW_024609846.1	52786792	52786792	1	*	1.27521240387963e-05	0.000586425864333846	26.7419467787115
NW_024609846.1	52786808	52786808	1	*	2.72733396760531e-05	0.00106539267812267	26.1060678451983
NW_024609846.1	52786819	52786819	1	*	7.48662754852467e-06	0.000384625934036344	28.1390977443609
NW_024609846.1	52786971	52786971	1	*	5.36160932608564e-06	0.000294588008451459	27.1330324521814
NW_024609846.1	151293677	151293677	1	*	2.07622752260748e-06	0.000137035361065586	25.7443272149155
NW_024609846.1	172472800	172472800	1	*	8.5372807394586e-16	6.34114391170756e-13	42.3538521099497
NW_024609846.1	175265368	175265368	1	*	6.42789774909902e-05	0.00206359324774779	27.4380541032053
NW_024609846.1	175265435	175265435	1	*	1.390155588998e-05	0.000628284511467472	25.6993006993007
NW_024609847.1	886364	886364	1	*	1.88768346357053e-10	4.74273630789259e-08	25.1562890722681
NW_024609849.1	93294	93294	1	*	1.40656768440501e-15	1.01221491809237e-12	47.0123765103382
NW_024609849.1	99962	99962	1	*	2.13557764699016e-55	5.50082403171739e-51	44.8236178019823
NW_024609849.1	99964	99964	1	*	2.18941427196873e-55	5.50082403171739e-51	43.0059303187546
NW_024609849.1	382331	382331	1	*	2.20433812690556e-12	8.80922216874937e-10	28.914871622943
NW_024609857.1	53182919	53182919	1	*	0.000105553884346087	0.00300473257639369	26.5354474211773
NW_024609857.1	53182958	53182958	1	*	2.83955677897429e-06	0.000176591176353488	28.0701754385965
NW_024609857.1	70858370	70858370	1	*	0.000182144277430511	0.00451971429281941	25.2925531914894
NW_024609857.1	71873024	71873024	1	*	1.62877115145364e-05	0.000709920467682415	29.4200056038106
NW_024609857.1	71873036	71873036	1	*	0.000190698483596841	0.00468340191881484	25.2673796791444
NW_024609857.1	97824775	97824775	1	*	2.41362405013218e-10	5.91247513538103e-08	38.8095238095238
NW_024609857.1	97824781	97824781	1	*	3.01276238983476e-10	7.23898112129943e-08	36.6959064327485
NW_024609857.1	97824798	97824798	1	*	1.57997157057955e-09	3.08034043494908e-07	35.8534322820037
NW_024609857.1	97824833	97824833	1	*	9.26421612794456e-07	7.08044010365262e-05	30.7045820861156
NW_024609857.1	97824839	97824839	1	*	9.32470995359303e-08	1.03723562242855e-05	33.8788537281
NW_024609857.1	166422007	166422007	1	*	1.85033304581089e-07	1.85022631840443e-05	27.3872679045093
NW_024609857.1	166422014	166422014	1	*	1.34940253226235e-06	9.6197229621269e-05	26.8047708725675
NW_024609868.1	16737128	16737128	1	*	5.21574128856753e-07	4.39056483123213e-05	27.4296304876636
NW_024609868.1	16737134	16737134	1	*	8.30652602398033e-08	9.43146987046403e-06	27.9346866725508
NW_024609868.1	16737149	16737149	1	*	7.25752523068132e-09	1.15375018247677e-06	29.0960451977401
NW_024609868.1	16737152	16737152	1	*	5.8592998478336e-07	4.83146985169537e-05	25.3676470588235
NW_024609868.1	16737156	16737156	1	*	1.47629799106663e-07	1.52913317638353e-05	26.8197278911565
NW_024609868.1	16737165	16737165	1	*	1.83126279984943e-06	0.000123765961270052	25.0900360144058
NW_024609868.1	98702981	98702981	1	*	2.07579633527986e-07	2.03483207624607e-05	30.2645161290323
NW_024609868.1	98702996	98702996	1	*	2.56991420676858e-06	0.000162604593921457	28.6129032258065
NW_024609868.1	98703018	98703018	1	*	5.74328035179276e-08	6.89130039996397e-06	32.520325203252
NW_024609868.1	98703028	98703028	1	*	1.06672654852645e-06	7.92932486289964e-05	29.5867768595041
NW_024609868.1	98703030	98703030	1	*	9.52519837303608e-06	0.000465834007546135	27.0299145299145
NW_024609868.1	98703033	98703033	1	*	1.95184904998442e-06	0.000130409122944965	29.1666666666667
NW_024609868.1	98703043	98703043	1	*	1.56506034051437e-06	0.000108924027713506	29.3679210814761
NW_024609868.1	98703046	98703046	1	*	5.93825766562424e-06	0.00032010458610467	27.8299031476998
NW_024609868.1	98703048	98703048	1	*	3.41601323794033e-08	4.42799502713725e-06	34.3035343035343
NW_024609868.1	98703053	98703053	1	*	4.73963657310024e-06	0.00026666668017098	28.4495021337127
NW_024609868.1	98703056	98703056	1	*	3.64405133649061e-06	0.000215977005023594	28.6825554452168
NW_024609868.1	98703063	98703063	1	*	4.33629839671062e-07	3.76869048004088e-05	31.8246944795617
NW_024609868.1	170118694	170118694	1	*	5.79104500840351e-26	1.64849846084866e-22	76.0611735330836
NW_024609868.1	172109734	172109734	1	*	6.88625452540867e-10	1.48647993294003e-07	42.2746371275783
NW_024609868.1	172393598	172393598	1	*	2.24338013957051e-08	3.08147041435658e-06	39.6404494382023
NW_024609868.1	172393623	172393623	1	*	4.66712261974379e-07	4.00560649982174e-05	36.1339600470035
NW_024609879.1	97130578	97130578	1	*	0.000167540090641423	0.00425096964706875	25.974025974026
NW_024609880.1	39478815	39478815	1	*	4.98927673523487e-05	0.0017011663417912	25.2147377938517
NW_024609880.1	108672640	108672640	1	*	3.83737379592755e-06	0.000225285032793983	30.3756201275691
NW_024609882.1	86336107	86336107	1	*	3.40544068824031e-06	0.000204626251330402	25.4429482636428
NW_024609883.1	8464399	8464399	1	*	1.47702536483003e-06	0.000103885555520503	34.8094373865699
NW_024609883.1	40412198	40412198	1	*	0.000218435779565035	0.00518448908768972	30.2773061686474
NW_024609883.1	65406257	65406257	1	*	3.62498404033455e-08	4.64881811830448e-06	25.0574712643678
NW_024609883.1	65407075	65407075	1	*	3.73534303822113e-05	0.0013575869335053	25.1268575570859
NW_024609883.1	67770919	67770919	1	*	1.01203524101086e-05	0.000489267490397508	32.3529411764706
NW_024609883.1	67770928	67770928	1	*	7.53750947967122e-07	5.97240570133829e-05	35.5665024630542
NW_024609883.1	67770931	67770931	1	*	8.29799381843265e-06	0.000417004437592685	31.6286983646848
NW_024609912.1	104168	104168	1	*	7.30734871490901e-07	5.81795707365035e-05	26.9886363636364
NW_024609912.1	104184	104184	1	*	4.87719029249342e-06	0.000272833078124124	25.6349206349206
NW_024609912.1	104220	104220	1	*	4.5018845952692e-09	7.65594186223141e-07	30.9490251350716
NW_024609912.1	104228	104228	1	*	6.93259988241788e-08	8.0866338017492e-06	28.8888888888889
NW_024609912.1	104242	104242	1	*	3.84212353349008e-08	4.87963762465818e-06	29.8005319148936
NW_024609912.1	104247	104247	1	*	4.75641298518706e-08	5.86675030318058e-06	29.9675167599696
NW_024609912.1	104261	104261	1	*	3.41573670079842e-10	8.07957585551119e-08	34.1958598726115
NW_024609912.1	104266	104266	1	*	6.28296223260789e-09	1.02101081050329e-06	31.6770186335404
NW_024609912.1	104279	104279	1	*	1.47909059873269e-11	4.8868905316619e-09	37.0309253147537
NW_024609912.1	104291	104291	1	*	5.67405848596688e-12	2.04565937532241e-09	36.4193404634581
NW_024609912.1	104294	104294	1	*	6.0062898388296e-09	9.81848568090052e-07	31.5
NW_024609912.1	104312	104312	1	*	1.42828841290074e-07	1.48606457364346e-05	29.6649029982363
NW_024609912.1	104315	104315	1	*	4.98834585086196e-08	6.10720082419089e-06	30.135886703744
NW_024609912.1	104320	104320	1	*	4.22481101896413e-08	5.29501270815722e-06	30.1449275362319
NW_024609912.1	104450	104450	1	*	0.000258418289927196	0.00588196454253699	25.7711687354062
NW_024609912.1	104481	104481	1	*	0.00016586763366319	0.00422134467575118	25.4807692307692
NW_024609912.1	104520	104520	1	*	8.87836982285064e-05	0.0026376607757774	25.0570551664437
NW_024609912.1	104523	104523	1	*	1.63790349971649e-06	0.00011300021916223	30.3342705404561
NW_024609912.1	104526	104526	1	*	9.0421449747356e-07	6.94557247915355e-05	31.030303030303
NW_024609912.1	104529	104529	1	*	5.74354629378065e-06	0.000311594001839137	28.0603060306031
NW_024609912.1	104531	104531	1	*	3.72737257525934e-05	0.00135577790991998	25.6259541984733
NW_024609912.1	104546	104546	1	*	3.76920241717485e-07	3.35020096024987e-05	31.6176470588235
NW_024609912.1	104549	104549	1	*	8.27624839308666e-06	0.000416128780250444	27.5381263616558
NW_024609912.1	104551	104551	1	*	1.03453367312662e-05	0.000497812078644435	28.9979409746054
NW_024609912.1	104600	104600	1	*	9.9624688559352e-07	7.5038825202682e-05	30.4511278195489
NW_024609912.1	104613	104613	1	*	4.00078017268136e-07	3.51836478839366e-05	31.7962231005709
NW_024609912.1	104724	104724	1	*	3.63679775011049e-05	0.00133036917971589	26.2443438914027
NW_024609914.1	147533	147533	1	*	2.60617655193708e-09	4.7674028389133e-07	25.2964771538193
NW_024609915.1	1110	1110	1	*	3.41404082112068e-09	6.02952441676326e-07	25.8612946686341
NW_024609915.1	1140	1140	1	*	2.45932768975324e-09	4.52888302842174e-07	28.5037878787879
NW_024609915.1	1150	1150	1	*	1.27421523754011e-13	6.59790781302131e-11	37.5715648854962
NW_024609915.1	1154	1154	1	*	4.47720219015251e-11	1.32338921003383e-08	33.3580735609434
NW_024609915.1	1160	1160	1	*	4.60213797998917e-07	3.95924093201788e-05	27.6816945200155
NW_024609955.1	1709886	1709886	1	*	6.8503654976446e-15	4.48820620813178e-12	44.8591954022988
NW_024609955.1	1709890	1709890	1	*	9.85425526515927e-17	8.63144816446236e-14	47.5896380168125
NW_024609955.1	1709897	1709897	1	*	8.06259093355046e-15	5.19710736433571e-12	43.5164835164835
NW_024609955.1	1709901	1709901	1	*	8.08482641159091e-15	5.2007947838507e-12	42.9618768328446
NW_024609955.1	1709903	1709903	1	*	4.40223248884565e-13	2.0432959150369e-10	39.6224955519455
NW_024609955.1	1709905	1709905	1	*	4.77714917105176e-19	6.04060233620375e-16	49.2044032385769
NW_024609955.1	1709912	1709912	1	*	2.37560390715538e-15	1.66802224926876e-12	43.8235743770066
NW_024609955.1	1709916	1709916	1	*	6.68101086229902e-18	7.08391463662483e-15	47.7147329791875
NW_024609955.1	1709926	1709926	1	*	5.72841582162383e-17	5.22123116107628e-14	46.4302094480966
NW_024609955.1	1709929	1709929	1	*	3.81456836491558e-18	4.26169316612846e-15	48.353893699078
NW_024609955.1	1709942	1709942	1	*	6.39293541012654e-18	6.84123014012061e-15	48.2485060787142
NW_024609955.1	1709952	1709952	1	*	3.46870457251437e-17	3.25397524183491e-14	47.0289855072464
NW_024609955.1	1709966	1709966	1	*	7.63007211985879e-18	8.04592033271729e-15	48.049719159559
NW_024609955.1	1709979	1709979	1	*	1.13577162976152e-18	1.35885003268086e-15	49.2565947242206
NW_024609980.1	3160	3160	1	*	6.13645059919424e-08	7.27992250651005e-06	25.1340996168582
NW_024609980.1	10991	10991	1	*	5.58586523861761e-22	1.0118762777082e-18	29.4180898165718
NW_024609980.1	47322	47322	1	*	4.45393112232908e-06	0.000253699194797756	25.5284552845529
NW_024609988.1	1029019	1029019	1	*	1.60713424075782e-19	2.18006879481828e-16	32.107587816159
NW_024610003.1	3779	3779	1	*	8.40253533483179e-18	8.74872988376241e-15	30.6422919508868
NW_024610003.1	4027	4027	1	*	5.29678379240987e-10	1.18407535557985e-07	29.1908604177664
NW_024610003.1	365183	365183	1	*	3.08452190918132e-12	1.18434710559396e-09	26.4463258439162
NW_024610003.1	365198	365198	1	*	7.76194034313742e-10	1.64238026715794e-07	25.8944281524927
NW_024610003.1	365290	365290	1	*	3.72964717880363e-11	1.13076536361909e-08	29.6757065121994
NW_024610003.1	371283	371283	1	*	7.53071573581544e-07	5.96784092137944e-05	26.1212740273006
NW_024610003.1	371290	371290	1	*	2.2611266656673e-06	0.000146861833112316	26.953601953602
NW_024610003.1	371775	371775	1	*	5.1305456165422e-11	1.49811586337167e-08	27.7412280701754
NW_024610003.1	386171	386171	1	*	6.75470982729757e-05	0.00214232801986884	29.3052475979305
NW_024610003.1	396069	396069	1	*	1.95275220348308e-34	1.20045787941783e-30	30.4785091151494
NW_024610003.1	396097	396097	1	*	1.05488896188255e-29	4.14683787827573e-26	33.2956273076088
NW_024610003.1	399516	399516	1	*	1.53562568290345e-11	5.05084688629306e-09	25.9961978603646
NW_024610003.1	423204	423204	1	*	1.03486104176087e-07	1.13195476181251e-05	27.6612903225806
NW_024610003.1	447267	447267	1	*	1.4693973138224e-10	3.80598712571718e-08	25.8145363408521
NW_024610003.1	447280	447280	1	*	1.89028076116577e-08	2.64807331519757e-06	27.2131478120589
NW_024610003.1	447295	447295	1	*	3.83378093007247e-15	2.60943958397081e-12	35.1407427899578
NW_024610003.1	447301	447301	1	*	1.24874180300996e-12	5.26719900169846e-10	36.9149977748109
NW_024610003.1	447315	447315	1	*	1.22587725146802e-13	6.37618002743765e-11	28.1783399084115
NW_024610003.1	447328	447328	1	*	4.24747133089699e-13	1.97463563937866e-10	34.1855891292687
NW_024610003.1	592187	592187	1	*	6.57938514724386e-09	1.06349856328783e-06	25.2336448598131
NW_024610003.1	592194	592194	1	*	4.28152827659847e-10	9.86504176011579e-08	31.1748381128585
NW_024610003.1	592229	592229	1	*	6.9185992750193e-10	1.49235830573267e-07	25.4013503375844
NW_024610004.1	9033	9033	1	*	2.7953174045854e-10	6.76432475235799e-08	30.9227091633466
NW_024610044.1	27649	27649	1	*	5.9097599453627e-06	0.000318875742952721	31.7435814104647
NW_024610044.1	30343	30343	1	*	2.63058651839258e-20	3.93815612114454e-17	34.1562608685896
NW_024610044.1	43977	43977	1	*	2.2335412850285e-10	5.50165838551495e-08	25.7732588940055
NW_024610056.1	30664	30664	1	*	2.3550296963818e-05	0.000949085124868654	25.974025974026
NW_024610056.1	875671	875671	1	*	1.10687704001423e-15	8.10681046290106e-13	32.1088231730351
NW_024610075.1	89195	89195	1	*	8.77258440848083e-11	2.41514250127718e-08	25.9790026246719
NW_024610075.1	108459	108459	1	*	5.17010223615349e-14	2.89218755617803e-11	33.8239538239538
NW_024610078.1	148621	148621	1	*	2.96510672468196e-12	1.14381598084305e-09	47.4737762237762
NW_024610078.1	201536	201536	1	*	6.34438595395899e-13	2.86198997912655e-10	42.2705314009662
NW_024610078.1	666584	666584	1	*	1.03589830467847e-05	0.00049830275562324	26.984126984127
NW_024610104.1	568589	568589	1	*	2.69852094207495e-34	1.60139049779856e-30	36.395839279485
NW_024610104.1	568591	568591	1	*	1.34772991084185e-26	4.07752979657145e-23	32.6133540372671
NW_024610104.1	569128	569128	1	*	5.18914470455407e-18	5.66849480769688e-15	46.4935064935065
NW_024610104.1	569745	569745	1	*	1.73793634737094e-14	1.05161830778438e-11	41.1354856512141
NW_024610104.1	576242	576242	1	*	6.11111839071587e-33	3.26982556856329e-29	32.6821789398715
NW_024610104.1	581270	581270	1	*	4.39227281333269e-11	1.30161438447753e-08	33.5193192913935
NW_024610104.1	596475	596475	1	*	5.80552738671528e-18	6.24733847151436e-15	38.4099616858238
NW_024610104.1	597379	597379	1	*	1.95008883591952e-16	1.61445750045372e-13	41.2333815979992
NW_024610104.1	602534	602534	1	*	6.38537090556282e-09	1.03552517740347e-06	28.3660299432112
NW_024610104.1	603460	603460	1	*	1.85015241495592e-32	9.46142839695453e-29	42.1125903213807
NW_024610104.1	604220	604220	1	*	6.83920274750372e-15	4.48597876771565e-12	32.32644409115
NW_024610104.1	615040	615040	1	*	2.97208336402168e-17	2.83410545647304e-14	42.4242424242424
NW_024610104.1	616483	616483	1	*	1.39435235685774e-30	6.15076143981827e-27	41.4450549450549
NW_024610104.1	626095	626095	1	*	5.4703595360905e-22	9.97204552236226e-19	41.5656773133409
NW_024610104.1	692371	692371	1	*	4.89963835042075e-23	1.03333492022986e-19	37.8276854219949
NW_024610104.1	693783	693783	1	*	7.27640730960864e-31	3.23445633639425e-27	37.8095970300773
NW_024610104.1	704605	704605	1	*	3.17974783814608e-06	0.000193846427267646	25.3012048192771
NW_024610104.1	705026	705026	1	*	9.32377277973437e-21	1.4813561388242e-17	44.0620537089412
NW_024610104.1	705048	705048	1	*	2.10875099959381e-25	5.72101836133932e-22	32.6115288220551
NW_024610104.1	708004	708004	1	*	2.14872793458153e-13	1.05945243099845e-10	32.6101349630761
NW_024610104.1	717509	717509	1	*	2.69487892320226e-12	1.05079669394139e-09	32.0263788968825
NW_024610104.1	720206	720206	1	*	1.04232548131845e-40	1.07558062762719e-36	26.896049763451
NW_024610104.1	720208	720208	1	*	1.30680333846787e-35	9.43947611486627e-32	29.6026172641341
NW_024610104.1	720444	720444	1	*	3.80945583015171e-18	4.26169316612846e-15	51.4855803303713
NW_024610104.1	745649	745649	1	*	5.67985033359371e-19	7.13520908573774e-16	27.8183230941281
NW_024610104.1	746487	746487	1	*	2.52805564035725e-26	7.49168762072364e-23	53.141256502601
NW_024610104.1	754333	754333	1	*	4.52991201215542e-31	2.12819931281102e-27	34.0287083805793
NW_024610104.1	755181	755181	1	*	2.46976664038715e-14	1.45483773284919e-11	29.8965291421087
NW_024610104.1	755302	755302	1	*	2.96438218437562e-10	7.13460079804745e-08	31.820204717401
NW_024610104.1	755313	755313	1	*	3.7321154465176e-06	0.00022042775068421	25.1168674036188
NW_024610104.1	755338	755338	1	*	8.81529721492092e-10	1.84367224656616e-07	25.9747577191796
NW_024610108.1	2305704	2305704	1	*	9.35877241559706e-07	7.13755129984562e-05	26.5705838876571
NW_024610108.1	2305722	2305722	1	*	4.92058696960726e-07	4.18214912512191e-05	28.644572705269
NW_024610108.1	2305728	2305728	1	*	6.47787887042328e-05	0.00207491284846845	25.9216589861751
NW_024610108.1	2305736	2305736	1	*	5.00344377738869e-05	0.00170489025148516	26.2072829131653
NW_024610108.1	2305740	2305740	1	*	0.000469360536431389	0.00909214604446668	25.4631268436578
NW_024610114.1	351228	351228	1	*	3.943980974076e-11	1.18517687929592e-08	29.2808401748587
NW_024610114.1	355094	355094	1	*	8.25599934255633e-23	1.66813525177805e-19	34.2526497945057
NW_024610114.1	358754	358754	1	*	1.19554740015897e-09	2.41900206922921e-07	34.2829457364341
NW_024610114.1	358893	358893	1	*	1.39113961432098e-10	3.62931472593959e-08	31.5262321144674
NW_024610114.1	360423	360423	1	*	1.05240999555751e-21	1.84848831641186e-18	40.6746031746032
NW_024610114.1	368353	368353	1	*	8.00592754029412e-07	6.27387938877765e-05	27.4107142857143
NW_024610150.1	15328	15328	1	*	3.48270404247431e-25	9.18967386306464e-22	45.9768359979933
NW_024610151.1	7097	7097	1	*	3.24715888191444e-22	6.21332741466544e-19	26.5995489786568
NW_024610165.1	31400	31400	1	*	1.70842182197017e-08	2.42684371564036e-06	26.3944343617665
NW_024610171.1	213	213	1	*	1.27180007067433e-09	2.55272965441822e-07	25.6116249794757
NW_024610171.1	113590	113590	1	*	1.97443665745004e-08	2.75195641530423e-06	26.8426404916656
NW_024610171.1	122484	122484	1	*	8.10534467437152e-07	6.34232702662626e-05	28.2864523536165
NW_024610186.1	35977	35977	1	*	8.18677550029159e-10	1.72722331840155e-07	27.1957611011922
NW_024610186.1	100053	100053	1	*	1.3235403554199e-12	5.56644725899062e-10	29.9155145929339
NW_024610186.1	108263	108263	1	*	1.90444009588852e-07	1.89449552431993e-05	29.3379994167396
NW_024610197.1	71170	71170	1	*	2.57203796881724e-31	1.21827459637748e-27	45.965367965368
NW_024610197.1	74081	74081	1	*	3.77004722248505e-16	2.98027992015508e-13	27.8850464831056
NW_024610197.1	99697	99697	1	*	5.18815382715656e-08	6.311707701585e-06	36.2876495172215
NW_024610199.1	64303	64303	1	*	1.39139049686149e-06	9.87397996380975e-05	27.8846153846154
NW_024610202.1	64784	64784	1	*	6.62669496627177e-18	7.03923921172106e-15	37.2988912479358
NW_024610202.1	64806	64806	1	*	1.42207312554421e-27	4.56538142674713e-24	31.7702255847371
NW_024610202.1	64812	64812	1	*	3.97502075399155e-27	1.25880371794304e-23	26.1065875648793
NW_024610202.1	69194	69194	1	*	2.34450927822503e-20	3.54663288370935e-17	28.5167477731296
NW_024610202.1	78748	78748	1	*	1.26102051780729e-09	2.5346146894733e-07	30.2192904261009
NW_024610204.1	1528	1528	1	*	5.53953248496801e-27	1.7210275118173e-23	27.6399531767969
NW_024610204.1	23919	23919	1	*	1.70112866878458e-09	3.29101290057466e-07	26.887898089172
NW_024610204.1	63976	63976	1	*	7.57022173296316e-13	3.36506061442691e-10	27.5318805488297
NW_024610204.1	87465	87465	1	*	2.66348895703329e-05	0.00104532836546068	25.9881188118812
NW_024610204.1	93643	93643	1	*	1.08088966951154e-08	1.62870954460252e-06	31.2379110251451
NW_024610235.1	44691	44691	1	*	2.95670909910324e-10	7.11909846417415e-08	37.7443855783206
NW_024610235.1	68005	68005	1	*	1.60107021938088e-13	8.1515868790564e-11	26.2776557761544
NW_024610235.1	85317	85317	1	*	7.68521569301835e-10	1.62794353927378e-07	31.6666666666667
NW_024610242.1	22692	22692	1	*	4.43145683135991e-09	7.56264666069977e-07	26.7707129094412
NW_024610242.1	26341	26341	1	*	2.60766873731007e-08	3.51419039412371e-06	26.1358048042368
NW_024610242.1	72101	72101	1	*	3.15972447667869e-05	0.00119347633892633	25.3508771929825
NW_024610244.1	17742	17742	1	*	2.19766612393949e-05	0.000898767160288157	25.5119008028885
NW_024610244.1	27395	27395	1	*	1.62510634890967e-06	0.00011230504530295	28.9826568925442
NW_024610244.1	47933	47933	1	*	3.94610155775513e-13	1.84342809499442e-10	25.3135313531353
NW_024610244.1	69489	69489	1	*	7.34067731143527e-12	2.57868251005151e-09	28.366802251722
NW_024610247.1	2124	2124	1	*	1.23259275612355e-07	1.31367441412504e-05	30.6277056277056
NW_024610247.1	57986	57986	1	*	2.4084283700614e-05	0.000966426271865023	25.5855855855856
NW_024610247.1	71553	71553	1	*	5.804499827296e-05	0.00190667744819622	26.5607886089814
NW_024610247.1	107807	107807	1	*	5.41970010448137e-09	8.98669737075937e-07	25.6516998711468
NW_024610251.1	3670	3670	1	*	4.75904309594338e-09	8.01799689185104e-07	32.415196743555
NW_024610251.1	21823	21823	1	*	2.81600118122134e-13	1.36287539021924e-10	31.0254770280354
NW_024610258.1	12346	12346	1	*	5.27718060385223e-09	8.79073728724728e-07	25.3298466658742
NW_024610263.1	201919	201919	1	*	8.59186552714547e-10	1.80216068697634e-07	26.5136660471619
NW_024610263.1	203117	203117	1	*	1.31818800920584e-05	0.00060192565066752	25.6501784803672
NW_024610263.1	203124	203124	1	*	3.79773243125648e-09	6.62415629623327e-07	31.3928940394376
NW_024610263.1	203403	203403	1	*	2.84192767013081e-06	0.000176719602888869	25.3760351529491
NW_024610263.1	203445	203445	1	*	1.36997043526303e-08	2.00318888880904e-06	25.4177195353666
NW_024610266.1	21980	21980	1	*	4.5043889973431e-10	1.0312742691223e-07	26.432022084196
NW_024610282.1	14496	14496	1	*	1.70147585289773e-05	0.000734847667808547	27.6905528717123
NW_024610284.1	32009	32009	1	*	3.23027457959496e-10	7.70395379169876e-08	25.2760533977916
NW_024610284.1	51312	51312	1	*	2.28744128341861e-06	0.00014822365186142	25.1724137931034
NW_024610284.1	83088	83088	1	*	3.06771045473957e-21	5.13834091240244e-18	31.6627951993806
NW_024610284.1	92950	92950	1	*	5.52553774871685e-10	1.2280861847661e-07	26.5129015558159
NW_024610284.1	103605	103605	1	*	5.91098556566902e-10	1.30273132171928e-07	35.1998376952729
NW_024610288.1	24948	24948	1	*	2.16612268585357e-13	1.0671185814708e-10	31.4511159338746
NW_024610293.1	69735	69735	1	*	5.02533749476845e-08	6.14467843202891e-06	25.4255589430894
NW_024610293.1	72948	72948	1	*	5.56212011269953e-23	1.15203003911301e-19	25.491718426501
NW_024610296.1	4848	4848	1	*	6.72946238985421e-08	7.88629486855356e-06	31.9773210489015
NW_024610296.1	14772	14772	1	*	3.86870406972013e-13	1.81019848185339e-10	34.2450980392157
NW_024610302.1	69557	69557	1	*	0.000318116936814448	0.0068554605216176	25.290215588723
NW_024610302.1	69651	69651	1	*	6.35203670694109e-11	1.81698885352343e-08	41.6483516483516
NW_024610302.1	70189	70189	1	*	1.66522805332113e-06	0.000114488968996134	26.5297202797203
NW_024610302.1	89400	89400	1	*	1.46485053931455e-08	2.12099298000143e-06	27.1891133276527
NW_024610302.1	90938	90938	1	*	2.58581745504063e-10	6.30222569950576e-08	33.0178442247408
NW_024610302.1	104512	104512	1	*	1.15294842909285e-13	6.03487740542082e-11	39.7957446808511
NW_024610302.1	104515	104515	1	*	3.39966473591688e-08	4.41207808499482e-06	27.2896327289633
NW_024610304.1	37415	37415	1	*	3.56323508780509e-09	6.26828420647698e-07	33.5748792270531
NW_024610308.1	10559	10559	1	*	3.77664625641215e-21	6.23542280963439e-18	41.255676657584
NW_024610308.1	11976	11976	1	*	7.66830926883698e-22	1.37190721862289e-18	25.7406228137837
NW_024610308.1	46482	46482	1	*	2.00010184008735e-08	2.78372699500341e-06	28.4467427289392
NW_024610309.1	19918	19918	1	*	3.82371886822006e-06	0.00022467153183629	27.777149321267
NW_024610309.1	23393	23393	1	*	3.01253592122512e-05	0.00115082008395036	27.8862478777589
NW_024610316.1	33570	33570	1	*	4.33284942964326e-08	5.40896361433684e-06	29.1520180002813
NW_024610317.1	150239	150239	1	*	0.000145623871393831	0.00383045114249391	27.4917491749175
NW_024610317.1	152329	152329	1	*	2.91687288189434e-07	2.70512535604346e-05	31.9660014781966
NW_024610322.1	59504	59504	1	*	9.48428234805196e-27	2.89981514613455e-23	27.5077869018244
NW_024610322.1	59694	59694	1	*	2.42138193583584e-24	6.05729830297983e-21	29.8009892444563
NW_024610324.1	4499	4499	1	*	6.9101259618118e-09	1.10827961581987e-06	25.2601558758218
NW_024610324.1	35698	35698	1	*	4.27003362385323e-05	0.00150770505729601	25.6517268493316
NW_024610324.1	107574	107574	1	*	1.06742060081973e-25	2.95132432788053e-22	29.3611628272134
NW_024610324.1	107685	107685	1	*	1.56483025912828e-09	3.0570089443597e-07	27.0416666666667
NW_024610335.1	12547	12547	1	*	2.75784626722742e-19	3.64683622339089e-16	44.1050714596777
NW_024610336.1	1230	1230	1	*	1.07702304570366e-10	2.90151849577603e-08	26.4746198329407
NW_024610338.1	16534	16534	1	*	2.33295203093595e-33	1.28393829867637e-29	38.7015821058374
NW_024610338.1	18637	18637	1	*	4.81050407004037e-10	1.09356016992158e-07	26.1540978654853
NW_024610338.1	28348	28348	1	*	3.36970661605161e-17	3.17140249163251e-14	29.502442002442
NW_024610338.1	28350	28350	1	*	8.1975354847523e-18	8.56615281275866e-15	33.4975186104218
NW_024610338.1	28772	28772	1	*	4.03870073377839e-06	0.000234708665421906	27.7619499841722
NW_024610338.1	34394	34394	1	*	7.2677932444266e-16	5.44017546137219e-13	42.6612903225806
NW_024610345.1	45033	45033	1	*	4.86276045092871e-17	4.50324867400108e-14	46.7104134499914
NW_024610345.1	47717	47717	1	*	3.11878057399939e-11	9.63764349926086e-09	33.5987196628986
NW_024610345.1	66466	66466	1	*	7.17450616501206e-08	8.3199025209234e-06	31.2967222541691
NW_024610345.1	67131	67131	1	*	5.58664348663134e-09	9.21591507129519e-07	26.6697475312546
NW_024610345.1	71188	71188	1	*	6.88621669307512e-11	1.94778026743597e-08	39.2728463806092
NW_024610345.1	71769	71769	1	*	1.21838389162476e-08	1.80668062143588e-06	26.104359216942
NW_024610345.1	73291	73291	1	*	1.93052640848629e-22	3.7945131312379e-19	31.7854328492626
NW_024610349.1	33992	33992	1	*	1.92906016741776e-07	1.91667738780115e-05	29.7063726991256
NW_024610353.1	29893	29893	1	*	5.78985407905227e-08	6.93422523761315e-06	28.0825372804943
NW_024610354.1	1260	1260	1	*	4.78646967681706e-06	0.000268851212795816	25.0650665124349
NW_024610357.1	20473	20473	1	*	2.64835594533555e-10	6.43835348034458e-08	40.5982626869571
NW_024610357.1	22254	22254	1	*	2.02601929423187e-20	3.10548810652553e-17	30.9919182984198
NW_024610357.1	22848	22848	1	*	1.42018681719591e-20	2.2120717576737e-17	46.1859447356369
NW_024610357.1	52502	52502	1	*	7.83007252624082e-82	1.13118447762426e-76	33.5161364462007
NW_024610357.1	60388	60388	1	*	6.1139192335831e-07	5.00358324285497e-05	28.3948733597803
NW_024610366.1	37826	37826	1	*	3.98257073241283e-05	0.00142748720624217	26.1343594676928
NW_024610366.1	54729	54729	1	*	7.14267991766425e-09	1.13737024940413e-06	36.547619047619
NW_024610369.1	33776	33776	1	*	9.56502222883052e-11	2.60652274883575e-08	34.3817472849731
NW_024610369.1	43051	43051	1	*	1.9936442997084e-22	3.90529012200508e-19	38.1428571428571
NW_024610374.1	25284	25284	1	*	1.1740095317578e-08	1.74986065192616e-06	25.3482404692082
NW_024610374.1	34285	34285	1	*	1.06779946090818e-08	1.6131914121398e-06	25.4266043766904
NW_024610374.1	49415	49415	1	*	1.53249566626805e-08	2.20757495101554e-06	26.7857142857143
NW_024610374.1	68514	68514	1	*	7.25486654445587e-20	1.02753567332261e-16	28.3108052077287
NW_024610374.1	68555	68555	1	*	8.41309196829051e-06	0.000421263030752832	26.0949635679398
NW_024610374.1	79384	79384	1	*	8.86410886698056e-11	2.43339777727324e-08	26.8504109589041
NW_024610374.1	85336	85336	1	*	1.59938531854072e-21	2.76716006808602e-18	26.320399404397
NW_024610374.1	113779	113779	1	*	1.7220271124773e-06	0.000117805382668034	26.632581919591
NW_024610374.1	125235	125235	1	*	2.35454440547537e-08	3.21886143153703e-06	29.7222222222222
NW_024610374.1	126009	126009	1	*	1.48255567804125e-10	3.83834904936127e-08	29.6522556390977
NW_024610377.1	9266	9266	1	*	3.31797747386605e-07	3.01043897456125e-05	25.5026455026455
NW_024610377.1	35579	35579	1	*	6.44602215709043e-08	7.60192109628026e-06	30.6100795755968
NW_024610377.1	48655	48655	1	*	5.2483547660788e-09	8.74687655971993e-07	32.7435010018476
NW_024610381.1	33049	33049	1	*	1.50933148000511e-12	6.23439850783145e-10	34.5346649298017
NW_024610383.1	14609	14609	1	*	3.78014429135592e-07	3.35754592862723e-05	26.3023872679045
NW_024610383.1	18412	18412	1	*	1.22395011726821e-09	2.47127873665987e-07	25.1315789473684
NW_024610383.1	21782	21782	1	*	5.42695089655512e-68	2.24003858911142e-63	47.1463043592299
NW_024610383.1	21784	21784	1	*	1.45035109663669e-43	1.74606157022873e-39	41.9239810076526
NW_024610383.1	21967	21967	1	*	1.20282086708269e-13	6.27319571352154e-11	31.7336539562579
NW_024610383.1	23331	23331	1	*	2.10935358906359e-09	3.97044015418095e-07	30.3545459104358
NW_024610383.1	29497	29497	1	*	9.5735490095533e-19	1.15737130843526e-15	33.8795966055836
NW_024610383.1	98661	98661	1	*	1.19497943230011e-16	1.03529052665441e-13	30.0554143096761
NW_024610384.1	16562	16562	1	*	5.07803854029908e-07	4.29135595859535e-05	30.7843137254902
NW_024610384.1	45741	45741	1	*	4.94307064781195e-17	4.5702972133583e-14	25.6208661450411
NW_024610384.1	53340	53340	1	*	0.000103100931722449	0.00295265099339278	26.0233918128655
NW_024610389.1	44893	44893	1	*	2.80471816697976e-06	0.000174819667575455	28.8049029622063
NW_024610389.1	54218	54218	1	*	2.6648781699156e-12	1.04050288183912e-09	28.6933647079717
NW_024610392.1	55097	55097	1	*	2.13685953972033e-11	6.80394636038534e-09	27.0715552135952
NW_024610396.1	50545	50545	1	*	2.053667612602e-15	1.45078980163278e-12	28.8118811881188
NW_024610396.1	76570	76570	1	*	5.74078880833029e-14	3.19288786593564e-11	35.1638760242252
NW_024610396.1	78261	78261	1	*	1.374948239365e-09	2.7360081126758e-07	26.8434423626548
NW_024610396.1	85821	85821	1	*	1.39468292619397e-13	7.17667652374554e-11	33.6532738095238
NW_024610396.1	93177	93177	1	*	2.62120259048053e-30	1.09761275624566e-26	40.9718607715429
NW_024610397.1	13896	13896	1	*	8.95717589293489e-07	6.89313274203931e-05	25.4180602006689
NW_024610397.1	40691	40691	1	*	2.23670796316865e-14	1.3283853802498e-11	29.6516129032258
NW_024610399.1	9255	9255	1	*	3.91420092496098e-09	6.80062008770531e-07	27.9396894185627
NW_024610399.1	38043	38043	1	*	3.0669486091025e-17	2.91494633154611e-14	25.0477952984721
NW_024610399.1	42379	42379	1	*	1.45145211631161e-16	1.23344970041069e-13	49.2705382436261
NW_024610399.1	62932	62932	1	*	4.7538674338575e-22	8.74873098018618e-19	47.9567713610267
NW_024610399.1	72509	72509	1	*	3.90106790194136e-24	9.35392989599662e-21	38.8412662606211
NW_024610402.1	17291	17291	1	*	6.01300894177237e-07	4.93988830511638e-05	30.2717900656045
NW_024610402.1	17296	17296	1	*	3.40494973437275e-08	4.41662615750737e-06	30.5488180883864
NW_024610402.1	47983	47983	1	*	3.92638381667851e-15	2.6693250919976e-12	29.287037037037
NW_024610405.1	8899	8899	1	*	6.99891983863905e-06	0.000364956007708135	27.1069356175739
NW_024610405.1	20342	20342	1	*	3.94925315951761e-09	6.85945824801096e-07	28.0382239120103
NW_024610408.1	15922	15922	1	*	1.38138288177815e-09	2.74692058253109e-07	28.6910744197176
NW_024610408.1	43438	43438	1	*	1.63581504160982e-10	4.1806827142126e-08	29.8528959901675
NW_024610408.1	50192	50192	1	*	5.62968313107157e-06	0.00030655919952336	27.1231266529533
NW_024610408.1	60512	60512	1	*	4.42314201064431e-12	1.64055605255734e-09	31.8675889328063
NW_024610415.1	24945	24945	1	*	2.29530342194675e-08	3.1483012993804e-06	25.4168659333652
NW_024610416.1	19556	19556	1	*	5.55292364177427e-07	4.6203736142932e-05	27.5306870715766
NW_024610417.1	16439	16439	1	*	2.61260911065177e-14	1.53393844708332e-11	28.1081677704194
NW_024610421.1	6341	6341	1	*	1.04604125435991e-36	8.51369539229272e-33	34.6838297850918
NW_024610421.1	6422	6422	1	*	1.01302824911083e-17	1.04721870760796e-14	30.3550818113925
NW_024610421.1	9558	9558	1	*	5.72603928664221e-67	2.20592482384954e-62	40.4961198426151
NW_024610421.1	12322	12322	1	*	4.41385417701339e-14	2.48356299943863e-11	32.261151412255
NW_024610421.1	17709	17709	1	*	5.00257295460949e-34	2.89082015803701e-30	26.2697873298686
NW_024610421.1	17711	17711	1	*	7.4070384891327e-20	1.04652338425106e-16	30.0328508840798
NW_024610421.1	22459	22459	1	*	2.79363430339385e-19	3.68572635339694e-16	29.3010715710414
NW_024610421.1	28287	28287	1	*	2.97261482436621e-05	0.0011393347614515	25.373599003736
NW_024610421.1	68214	68214	1	*	2.50952485712796e-14	1.4767523056066e-11	44.5668745668746
NW_024610421.1	128243	128243	1	*	2.18853417481825e-05	0.000895920195868738	26.6666666666667
NW_024610426.1	41397	41397	1	*	2.2519770328376e-20	3.42114715276197e-17	38.5158740277955
NW_024610426.1	41683	41683	1	*	2.37395949427432e-20	3.57247932228644e-17	27.3645255884952
NW_024610427.1	7839	7839	1	*	2.80625831211326e-08	3.7468649182683e-06	28.2804232804233
NW_024610427.1	13719	13719	1	*	1.06993360775957e-14	6.74268547542619e-12	31.1530513372377
NW_024610427.1	16724	16724	1	*	6.91579551992009e-07	5.55828609797565e-05	31.5158371040724
NW_024610428.1	63518	63518	1	*	2.92301720217642e-07	2.70908453445231e-05	25.3030303030303
NW_024610429.1	12933	12933	1	*	4.18817702793188e-12	1.56142445067155e-09	27.4978520286396
NW_024610429.1	12939	12939	1	*	6.07680411738382e-08	7.22399205780471e-06	28.8475975975976
NW_024610429.1	22548	22548	1	*	4.33697917484707e-10	9.98484342299454e-08	27.245303715892
NW_024610429.1	46869	46869	1	*	1.07443397317335e-07	1.1701255800878e-05	27.9072463768116
NW_024610433.1	24064	24064	1	*	2.78060551791687e-07	2.60272432208727e-05	28.3281039892425
NW_024610433.1	28854	28854	1	*	1.50507853448413e-06	0.000105486320896773	27.4652575518016
NW_024610433.1	41964	41964	1	*	1.86118785841681e-08	2.61447823019822e-06	26.7848173925522
NW_024610433.1	91025	91025	1	*	1.31755640779817e-29	5.10987872160829e-26	32.5860104807473
NW_024610433.1	92979	92979	1	*	3.65967531890971e-13	1.72496278761878e-10	28.4203076693858
NW_024610433.1	105828	105828	1	*	2.55831748845808e-07	2.4275310333831e-05	28.6510590858417
NW_024610433.1	128094	128094	1	*	2.64685781087549e-09	4.835696807813e-07	27.2222222222222
NW_024610433.1	226369	226369	1	*	3.22291773010186e-15	2.22245432653325e-12	29.0093960809509
NW_024610435.1	6473	6473	1	*	3.88476999440576e-09	6.75354719444628e-07	32.0058060419124
NW_024610435.1	42113	42113	1	*	1.67039855924419e-09	3.23806657978949e-07	27.394419306184
NW_024610435.1	89131	89131	1	*	2.48667506991776e-06	0.000158430720367859	26.9124423963134
NW_024610435.1	115008	115008	1	*	1.81578053465519e-06	0.0001229239743392	26.643973386972
NW_024610435.1	134031	134031	1	*	1.64155863207109e-13	8.32107030572645e-11	31.1852840824803
NW_024610436.1	8355	8355	1	*	3.54150464370632e-32	1.7795804203853e-28	36.5217391304348
NW_024610436.1	8640	8640	1	*	2.87564486556032e-22	5.55765656514535e-19	39.1085954590829
NW_024610436.1	50247	50247	1	*	8.09237757463437e-15	5.2007947838507e-12	34.6879366557988
NW_024610438.1	36983	36983	1	*	2.12882463879212e-09	3.99927437560688e-07	27.3793008636097
NW_024610439.1	108	108	1	*	3.32318132930321e-14	1.91080170894861e-11	25.9167191514739
NW_024610439.1	10410	10410	1	*	3.30588373260564e-06	0.000200142484331942	25.5452370901928
NW_024610440.1	62382	62382	1	*	7.60990111897843e-05	0.00234558789912898	25.7624831309042
NW_024610444.1	35254	35254	1	*	1.07223917330016e-10	2.8906263068107e-08	32.0143491480193
NW_024610444.1	53144	53144	1	*	1.47294246141785e-14	9.02613308983381e-12	31.8181818181818
NW_024610445.1	6650	6650	1	*	2.12529771242882e-09	3.99524627441619e-07	28.641611397691
NW_024610448.1	114906	114906	1	*	4.43838042035115e-24	1.05114430283071e-20	28.2999164578112
NW_024610450.1	2615	2615	1	*	1.66541573250666e-08	2.37099836895258e-06	25.2548956141771
NW_024610451.1	43227	43227	1	*	1.69080102919167e-08	2.40417705397529e-06	25.9531039136302
NW_024610452.1	37484	37484	1	*	8.52101346978134e-09	1.32794219266567e-06	37.251356238698
NW_024610452.1	63842	63842	1	*	4.42491687608854e-15	2.99065726954663e-12	26.7903135689075
NW_024610452.1	66908	66908	1	*	4.34550502154486e-14	2.44987561149599e-11	33.3660130718954
NW_024610455.1	40603	40603	1	*	8.94997253542702e-10	1.86881038406078e-07	26.2042389210019
NW_024610456.1	59181	59181	1	*	1.41004273725742e-07	1.47052282338294e-05	27.8417938336967
NW_024610460.1	75739	75739	1	*	8.35420099128746e-16	6.22115242203435e-13	26.0831282282386
NW_024610468.1	56138	56138	1	*	1.47923983556863e-07	1.53135684876495e-05	25.1455156995831
NW_024610469.1	17733	17733	1	*	7.57928229737745e-12	2.64961560611687e-09	25.3024193548387
NW_024610469.1	23071	23071	1	*	2.34574571104732e-12	9.29717595946877e-10	30.359477124183
NW_024610469.1	23074	23074	1	*	7.4072110581249e-11	2.0788637025037e-08	25.3341645162226
NW_024610469.1	85752	85752	1	*	1.61092597409539e-08	2.30306883448109e-06	32.0801393728223
NW_024610472.1	2652	2652	1	*	2.47003507360149e-06	0.000157615697262643	26.5595684803002
NW_024610472.1	30624	30624	1	*	1.64138880713181e-12	6.7269778629875e-10	32.4659024349427
NW_024610472.1	30629	30629	1	*	1.33395749277718e-13	6.87031702162364e-11	39.1341778379043
NW_024610477.1	4837	4837	1	*	8.10156539843036e-07	6.34129199499517e-05	25.4217854217854
NW_024610477.1	4840	4840	1	*	9.10687571947989e-09	1.40409816322397e-06	30.7436182019978
NW_024610478.1	5706	5706	1	*	4.52729452721801e-08	5.62375880795726e-06	29.6378812601983
